# name: L
# type: sparse matrix
# nnz: 210
# rows: 36
# columns: 36
1 1 -3.86734
29 1 1.61291
30 1 1.61291
34 1 0.320757
35 1 0.320757
2 2 -3.86735
25 2 1.61293
26 2 1.61292
32 2 0.320749
33 2 0.320748
3 3 -3.86735
27 3 1.61293
28 3 1.61292
31 3 0.320749
36 3 0.320748
4 4 -7.23771
13 4 0.674821
15 4 0.674821
16 4 1.3311
18 4 1.3311
25 4 1.61293
27 4 1.61293
5 5 -7.2377
13 5 0.674825
14 5 0.67483
22 5 1.33111
24 5 1.33111
28 5 1.61291
29 5 1.61292
6 6 -7.2377
14 6 0.67483
15 6 0.674825
19 6 1.33111
21 6 1.33111
26 6 1.61291
30 6 1.61292
7 7 -2.22922
16 7 1.33113
17 7 0.57734
32 7 0.320745
8 8 -2.22922
17 8 0.57734
18 8 1.33113
31 8 0.320745
9 9 -2.2292
19 9 1.3311
20 9 0.577347
34 9 0.320755
10 10 -2.2292
20 10 0.577336
21 10 1.33111
33 10 0.320756
11 11 -2.2292
22 11 1.33111
23 11 0.577336
36 11 0.320756
12 12 -2.2292
23 12 0.577347
24 12 1.3311
35 12 0.320755
4 13 0.674821
5 13 0.674825
13 13 -7.28811
14 13 1.1547
15 13 1.15471
27 13 1.81453
28 13 1.81453
5 14 0.67483
6 14 0.67483
13 14 1.1547
14 14 -7.28811
15 14 1.1547
29 14 1.81453
30 14 1.81453
4 15 0.674821
6 15 0.674825
13 15 1.15471
14 15 1.1547
15 15 -7.28811
25 15 1.81453
26 15 1.81453
4 16 1.3311
7 16 1.33113
16 16 -7.02443
17 16 1.15471
18 16 1.1547
25 16 0.641482
32 16 1.4113
7 17 0.57734
8 17 0.57734
16 17 1.15471
17 17 -3.4641
18 17 1.15471
4 18 1.3311
8 18 1.33113
16 18 1.1547
17 18 1.15471
18 18 -7.02443
27 18 0.641482
31 18 1.4113
6 19 1.33111
9 19 1.3311
19 19 -7.02442
20 19 1.15472
21 19 1.15468
30 19 0.64151
34 19 1.4113
9 20 0.577347
10 20 0.577336
19 20 1.15472
20 20 -3.46412
21 20 1.15472
6 21 1.33111
10 21 1.33111
19 21 1.15468
20 21 1.15472
21 21 -7.02443
26 21 0.641507
33 21 1.4113
5 22 1.33111
11 22 1.33111
22 22 -7.02443
23 22 1.15472
24 22 1.15468
28 22 0.641507
36 22 1.4113
11 23 0.577336
12 23 0.577347
22 23 1.15472
23 23 -3.46412
24 23 1.15472
5 24 1.33111
12 24 1.3311
22 24 1.15468
23 24 1.15472
24 24 -7.02442
29 24 0.64151
35 24 1.4113
2 25 1.61293
4 25 1.61293
15 25 1.81453
16 25 0.641482
25 25 -7.38434
26 25 0.194949
32 25 1.50753
2 26 1.61292
6 26 1.61291
15 26 1.81453
21 26 0.641507
25 26 0.194949
26 26 -7.38433
33 26 1.50751
3 27 1.61293
4 27 1.61293
13 27 1.81453
18 27 0.641482
27 27 -7.38434
28 27 0.194949
31 27 1.50753
3 28 1.61292
5 28 1.61291
13 28 1.81453
22 28 0.641507
27 28 0.194949
28 28 -7.38433
36 28 1.50751
1 29 1.61291
5 29 1.61292
14 29 1.81453
24 29 0.64151
29 29 -7.38433
30 29 0.194956
35 29 1.50751
1 30 1.61291
6 30 1.61292
14 30 1.81453
19 30 0.64151
29 30 0.194956
30 30 -7.38433
34 30 1.50751
3 31 0.320749
8 31 0.320745
18 31 1.4113
27 31 1.50753
31 31 -3.56033
2 32 0.320749
7 32 0.320745
16 32 1.4113
25 32 1.50753
32 32 -3.56033
2 33 0.320748
10 33 0.320756
21 33 1.4113
26 33 1.50751
33 33 -3.56031
1 34 0.320757
9 34 0.320755
19 34 1.4113
30 34 1.50751
34 34 -3.56032
1 35 0.320757
12 35 0.320755
24 35 1.4113
29 35 1.50751
35 35 -3.56032
3 36 0.320748
11 36 0.320756
22 36 1.4113
28 36 1.50751
36 36 -3.56031
