# name: L
# type: matrix
# rows: 15
# columns: 15
-3.86733 0 0 0 0 0 0 1.61291 1.61291 0 0 0.320755 0 0 0.320755
0 -1.5396 0 0 0 0 0 0 0 0.7698 0.7698 0 0 0 0
0 0 -3.86734 0 0 0 1.61292 0 1.61292 0.320749 0 0 0.32075 0 0
0 0 0 -3.86734 0 0 1.61292 1.61292 0 0 0.320749 0 0 0.32075 0
0 0 0 0 -1.53962 0 0 0 0 0 0 0.769809 0.76981 0 0
0 0 0 0 0 -1.53962 0 0 0 0 0 0 0 0.76981 0.769809
0 0 1.61292 1.61292 0 0 -7.23771 0.674822 0.674822 1.33111 1.33111 0 0 0 0
1.61291 0 0 1.61292 0 0 0.674822 -7.2377 0.674833 0 0 0 0 1.33111 1.33111
1.61291 0 1.61292 0 0 0 0.674822 0.674833 -7.2377 0 0 1.33111 1.33111 0 0
0 0.7698 0.320749 0 0 0 1.33111 0 0 -3.26363 0.841971 0 0 0 0
0 0.7698 0 0.320749 0 0 1.33111 0 0 0.841971 -3.26363 0 0 0 0
0.320755 0 0 0 0.769809 0 0 0 1.33111 0 0 -3.26363 0.841954 0 0
0 0 0.32075 0 0.76981 0 0 0 1.33111 0 0 0.841954 -3.26362 0 0
0 0 0 0.32075 0 0.76981 0 1.33111 0 0 0 0 0 -3.26362 0.841954
0.320755 0 0 0 0 0.769809 0 1.33111 0 0 0 0 0 0.841954 -3.26363
