# name: UV
# type: matrix
# rows: 36
# columns: 2
0.888889 0
0.777778 1
0 0.444444
0.343212 0.741384
0.387265 0.223988
0.822596 0.526879
0.333333 1
1.66809e-16 0.888889
1 0.333333
1 0.777778
-2.91921e-16 -1.14683e-16
0.444444 2.83496e-16
0.355206 0.47987
0.626179 0.351946
0.600364 0.653504
0.334293 0.905581
0.111111 1
0.154766 0.810213
0.940698 0.412288
1 0.555556
0.938133 0.678425
0.196249 0.130545
0.222222 0
0.417591 0.0775221
0.555888 0.844344
0.797411 0.77947
0.180808 0.592294
0.193694 0.336264
0.626905 0.149112
0.830122 0.264003
6.90424e-16 0.666667
0.555556 1
1 1
1 0.111111
0.666667 -1.88719e-16
-4.06257e-16 0.222222
