# name: UV
# type: matrix
# rows: 15
# columns: 2
0.666667 2.75334e-16
0.333333 1
1 1
-0 0.666667
1 0.333333
0 0
0.451711 0.811912
0.327688 0.327688
0.811911 0.451712
0.666667 1
0 1
1 0
1 0.666667
0 0.333333
0.333333 0
